28-11-2018;0;1;3;1;250
29-11-2018;0;1;3;1;250
30-11-2018;0;1;3;1;250
1-12-2018;0;1;3;1;250
2-12-2018;0;1;3;1;250
3-12-2018;0;1;3;1;250
4-12-2018;0;1;3;1;250
5-12-2018;0;1;3;1;250
6-12-2018;0;1;3;1;250
7-12-2018;0;1;3;1;250
8-11-2018;0;1;3;1;250
7-12-2018;0;1;3;1;250
8-11-2018;0;1;3;1;250
7-12-2018;0;1;3;1;250
8-11-2018;0;1;3;1;250
7-12-2018;0;1;3;1;250
8-11-2018;0;1;3;1;250
7-12-2018;0;1;3;1;250
8-11-2018;0;1;3;1;250
7-12-2018;0;1;3;1;250
8-11-2018;0;1;3;1;250
7-12-2018;0;1;3;1;250
8-11-2018;0;1;3;1;250
7-12-2018;0;1;3;1;250
8-11-2018;0;1;3;1;250
7-12-2018;0;1;3;1;250
8-11-2018;0;1;3;1;250
7-12-2018;0;1;3;1;250
8-11-2018;0;1;3;1;250
7-12-2018;0;1;3;1;250
8-11-2018;0;1;3;1;250
7-12-2018;0;1;3;1;250
8-11-2018;0;1;3;1;250
28-11-2018;0;1;3;1;250
29-11-2018;0;1;3;1;250
30-11-2018;0;1;3;1;250
1-12-2018;0;1;3;1;250
2-12-2018;0;1;3;1;250
3-12-2018;0;1;3;1;250
4-12-2018;0;1;3;1;250
5-12-2018;0;1;3;1;250
6-12-2018;0;1;3;1;250
7-12-2018;0;1;3;1;250
8-11-2018;0;1;3;1;250
7-12-2018;0;1;3;1;250
8-11-2018;0;1;3;1;250
7-12-2018;0;1;3;1;250
8-11-2018;0;1;3;1;250
7-12-2018;0;1;3;1;250
8-11-2018;0;1;3;1;250
7-12-2018;0;1;3;1;250
8-11-2018;0;1;3;1;250
7-12-2018;0;1;3;1;250
8-11-2018;0;1;3;1;250
7-12-2018;0;1;3;1;250
8-11-2018;0;1;3;1;250
7-12-2018;0;1;3;1;250
8-11-2018;0;1;3;1;250
7-12-2018;0;1;3;1;250
8-11-2018;0;1;3;1;250
7-12-2018;0;1;3;1;250
8-11-2018;0;1;3;1;250
7-12-2018;0;1;3;1;250
8-11-2018;0;1;3;1;250
7-12-2018;0;1;3;1;250
8-11-2018;0;1;3;1;250
28-11-2018;0;1;3;1;250
29-11-2018;0;1;3;1;250
30-11-2018;0;1;3;1;250
1-12-2018;0;1;3;1;250
2-12-2018;0;1;3;1;250
3-12-2018;0;1;3;1;250
4-12-2018;0;1;3;1;250
5-12-2018;0;1;3;1;250
6-12-2018;0;1;3;1;250
7-12-2018;0;1;3;1;250
8-11-2018;0;1;3;1;250
7-12-2018;0;1;3;1;250
8-11-2018;0;1;3;1;250
7-12-2018;0;1;3;1;250
8-11-2018;0;1;3;1;250
7-12-2018;0;1;3;1;250
8-11-2018;0;1;3;1;250
7-12-2018;0;1;3;1;250
8-11-2018;0;1;3;1;250
7-12-2018;0;1;3;1;250
8-11-2018;0;1;3;1;250
7-12-2018;0;1;3;1;250
8-11-2018;0;1;3;1;250
7-12-2018;0;1;3;1;250
8-11-2018;0;1;3;1;250
7-12-2018;0;1;3;1;250
8-11-2018;0;1;3;1;250
7-12-2018;0;1;3;1;250
8-11-2018;0;1;3;1;250
7-12-2018;0;1;3;1;250
8-11-2018;0;1;3;1;250
7-12-2018;0;1;3;1;250
8-11-2018;0;1;3;1;250
28-11-2018;0;1;3;1;250
29-11-2018;0;1;3;1;250
30-11-2018;0;1;3;1;250
1-12-2018;0;1;3;1;250
2-12-2018;0;1;3;1;250
3-12-2018;0;1;3;1;250
4-12-2018;0;1;3;1;250
5-12-2018;0;1;3;1;250
6-12-2018;0;1;3;1;250
7-12-2018;0;1;3;1;250
8-11-2018;0;1;3;1;250
7-12-2018;0;1;3;1;250
8-11-2018;0;1;3;1;250
7-12-2018;0;1;3;1;250
8-11-2018;0;1;3;1;250
7-12-2018;0;1;3;1;250
8-11-2018;0;1;3;1;250
7-12-2018;0;1;3;1;250
8-11-2018;0;1;3;1;250
7-12-2018;0;1;3;1;250
8-11-2018;0;1;3;1;250
7-12-2018;0;1;3;1;250
8-11-2018;0;1;3;1;250
7-12-2018;0;1;3;1;250
8-11-2018;0;1;3;1;250
7-12-2018;0;1;3;1;250
8-11-2018;0;1;3;1;250
7-12-2018;0;1;3;1;250
8-11-2018;0;1;3;1;250
7-12-2018;0;1;3;1;250
8-11-2018;0;1;3;1;250
7-12-2018;0;1;3;1;250
8-11-2018;0;1;3;1;250
28-11-2018;0;1;3;1;250
29-11-2018;0;1;3;1;250
30-11-2018;0;1;3;1;250
1-12-2018;0;1;3;1;250
2-12-2018;0;1;3;1;250
3-12-2018;0;1;3;1;250
4-12-2018;0;1;3;1;250
5-12-2018;0;1;3;1;250
6-12-2018;0;1;3;1;250
7-12-2018;0;1;3;1;250
8-11-2018;0;1;3;1;250
7-12-2018;0;1;3;1;250
8-11-2018;0;1;3;1;250
7-12-2018;0;1;3;1;250
8-11-2018;0;1;3;1;250
7-12-2018;0;1;3;1;250
8-11-2018;0;1;3;1;250
7-12-2018;0;1;3;1;250
8-11-2018;0;1;3;1;250
7-12-2018;0;1;3;1;250
8-11-2018;0;1;3;1;250
7-12-2018;0;1;3;1;250
8-11-2018;0;1;3;1;250
7-12-2018;0;1;3;1;250
8-11-2018;0;1;3;1;250
7-12-2018;0;1;3;1;250
8-11-2018;0;1;3;1;250
7-12-2018;0;1;3;1;250
8-11-2018;0;1;3;1;250
7-12-2018;0;1;3;1;250
8-11-2018;0;1;3;1;250
7-12-2018;0;1;3;1;250
8-11-2018;0;1;3;1;250
28-11-2018;0;1;3;1;250
29-11-2018;0;1;3;1;250
30-11-2018;0;1;3;1;250
1-12-2018;0;1;3;1;250
2-12-2018;0;1;3;1;250
3-12-2018;0;1;3;1;250
4-12-2018;0;1;3;1;250
5-12-2018;0;1;3;1;250
6-12-2018;0;1;3;1;250
7-12-2018;0;1;3;1;250
8-11-2018;0;1;3;1;250
7-12-2018;0;1;3;1;250
8-11-2018;0;1;3;1;250
7-12-2018;0;1;3;1;250
8-11-2018;0;1;3;1;250
7-12-2018;0;1;3;1;250
8-11-2018;0;1;3;1;250
7-12-2018;0;1;3;1;250
8-11-2018;0;1;3;1;250
7-12-2018;0;1;3;1;250
8-11-2018;0;1;3;1;250
7-12-2018;0;1;3;1;250
8-11-2018;0;1;3;1;250
7-12-2018;0;1;3;1;250
8-11-2018;0;1;3;1;250
7-12-2018;0;1;3;1;250
8-11-2018;0;1;3;1;250
7-12-2018;0;1;3;1;250
8-11-2018;0;1;3;1;250
7-12-2018;0;1;3;1;250
8-11-2018;0;1;3;1;250
7-12-2018;0;1;3;1;250
8-11-2018;0;1;3;1;250
28-11-2018;0;1;3;1;250
29-11-2018;0;1;3;1;250
30-11-2018;0;1;3;1;250
1-12-2018;0;1;3;1;250
2-12-2018;0;1;3;1;250
3-12-2018;0;1;3;1;250
4-12-2018;0;1;3;1;250
5-12-2018;0;1;3;1;250
6-12-2018;0;1;3;1;250
7-12-2018;0;1;3;1;250
8-11-2018;0;1;3;1;250
7-12-2018;0;1;3;1;250
8-11-2018;0;1;3;1;250
7-12-2018;0;1;3;1;250
8-11-2018;0;1;3;1;250
7-12-2018;0;1;3;1;250
8-11-2018;0;1;3;1;250
7-12-2018;0;1;3;1;250
8-11-2018;0;1;3;1;250
7-12-2018;0;1;3;1;250
8-11-2018;0;1;3;1;250
7-12-2018;0;1;3;1;250
8-11-2018;0;1;3;1;250
7-12-2018;0;1;3;1;250
8-11-2018;0;1;3;1;250
7-12-2018;0;1;3;1;250
8-11-2018;0;1;3;1;250
7-12-2018;0;1;3;1;250
8-11-2018;0;1;3;1;250
7-12-2018;0;1;3;1;250
8-11-2018;0;1;3;1;250
7-12-2018;0;1;3;1;250
8-11-2018;0;1;3;1;250
28-11-2018;0;1;3;1;250
29-11-2018;0;1;3;1;250
30-11-2018;0;1;3;1;250
1-12-2018;0;1;3;1;250
2-12-2018;0;1;3;1;250
3-12-2018;0;1;3;1;250
4-12-2018;0;1;3;1;250
5-12-2018;0;1;3;1;250
6-12-2018;0;1;3;1;250
7-12-2018;0;1;3;1;250
8-11-2018;0;1;3;1;250
7-12-2018;0;1;3;1;250
8-11-2018;0;1;3;1;250
7-12-2018;0;1;3;1;250
8-11-2018;0;1;3;1;250
7-12-2018;0;1;3;1;250
8-11-2018;0;1;3;1;250
7-12-2018;0;1;3;1;250
8-11-2018;0;1;3;1;250
7-12-2018;0;1;3;1;250
8-11-2018;0;1;3;1;250
7-12-2018;0;1;3;1;250
8-11-2018;0;1;3;1;250
7-12-2018;0;1;3;1;250
8-11-2018;0;1;3;1;250
7-12-2018;0;1;3;1;250
8-11-2018;0;1;3;1;250
7-12-2018;0;1;3;1;250
8-11-2018;0;1;3;1;250
7-12-2018;0;1;3;1;250
8-11-2018;0;1;3;1;250
7-12-2018;0;1;3;1;250
8-11-2018;0;1;3;1;250